15717092992
15179115260
18779131359
13617917987
18870063814
13767489066
18720151419
18870658700
18379199538
15207971977
13672217090
18279158362
15279225655
18720905209
15170077637
17379254052
15779839413
15949548701
13576018335
13870050764
18379955400
18720220647
15070013591
13767072849
13397092221
13367923370
15070264134
13426638403
18720225091
15879141373
15170409991
15170247891
13576030215
18507917931
13617003940
13607003421
13970960505
13699536564
13870095691
15779265344
18507081602
15797625272
15870011863
13870884233
18779193869
18770328460
15907973967
15079138603
13870737872
13807916523
13879110386
15879077980
18379278350
13667087458
18779193873
18279882470
18779193870
18970923882
15879076710
18816402871
13576909375
15779285147
15070812396
15180115473
15970262084
13657093317
18770079347
15170261303
18270769200
13732936584
15879201730
15179163386
13767034532
13407973731
13979166903
18797912701
18779193881
13647929008
18879185862
15270730320
18720987697
13870819855
17879839923
18307073787
18870264542
13657915632
15979112373
13617008185
15180531996
18979108515
17346616275
13767954973
15770517189
18879270256
15797974852
15070620015
13576204862
18379176608
18770072859
15797799251
13699516823
18279287325
15070299541
13426521061
15207030829
15070973039
18279100075
15179369523
15727719919
15717008637
13672219304
13627090920
13667008256
13767409671
15107013166
15870867510
15270413335
18270355204
18279155811
13907090908
19979022297
18296250133
15170086620
13330088148
13870065858
15107917986
15979134635
13767814360
15070912507
17379166295
13755209184
18720198115
18779582101
18046643438
18679138871
18307023643
18172705655
15879026997
18370240620
18279130978
15070487542
18307927891
15170252724
13684852294
15079053327
18279966302
15879139116
15270565606
15879082259
13755770781
15270913198
15770618294
15170962974
18720906712
15979004156
18879140797
18807080801
15179158480
15270181891
18720968537
13767006707
18870826950
13456251399
18720131416
15870844548
18717985915
13732986740
13870976272
13767011167
13970026195
13687001074
18370273774
18879107100
13870698134
15970499938
15879165429
15570152307
15179176619
15797624275
15070864427
13037226883
15170470665
13870675490
13979976131
15170047170
13970293345
15879139269
13437081882
16608962134
18317923024
15779000279
18770263959
13007209217
18379410469
15070026748
15070987052
15970493263
15070923435
18970859730
18710875051
13767125155
18397918004
18370294115
15179231251
15879003592
15179168092
13479441193
15779279523
13677083064
15807005030
15879278373
15170454396
19979132921
13732970097
13627083064
18870037296
15979902357
15279123913
13879299695
15070970728
18270224148
13767498217
18770006769
18270224394
13684858980
15170490463
18379290382
18270294319
18770547187
18370273334
15970426385
18779899906
15180625030
13870674407
15179172855
15970658480
13979165187
18702581037
13767209028
18370526240
15070069706
13870432437
15070869637
18870234024
15207022100
13870068606
13627064800
15870808700
18162156770
18279154679
13767155428
15270918134
13677095708
18607086022
15949595367
13627939484
13576993807
13979100544
18779217311
13672239652
18367368124
18379552817
13647912236
18770220223
15179139802
13627928229
18370280969
18370277747
15179166157
17379879191
15079557607
13767978340
13970021592
18870566370
15070250552
13755766579
13870949870
15170082557
15879029078
13970035452
15797989336
15083521044
13979115808
13677090118
15797874672
15179387773
13576055061
18879244779
13807008098
15279125048
13576080014
13647916736
15797817754
18679241867
13479953467
15879350062
15979056055
15979086817
15390757563
13970078185
15180483626
18807006986
15979046476
15770570370
15979109973
18720905082
13507098776
13879799742
13576053939
15083557032
13767180955
18720132039
13735417371
17607008129
18379689709
15079359692
18379149939
13870051109
18379673002
13767036253
18507910970
15979143882
18807911935
15070912267
15879127215
15279128895
15279185975
15179184824
18720776859
18379141086
15070963919
18270815850
18370368251
18970503754
13755641204
15797646314
18770054873
18770075205
13607079720
15070807256
13657088560
13576961261
15717060048
13870776604
13699539483
13517915199
18770015835
13767157574
15879193661
18702550810
13507083642
15870819424
13870849859
18451357630
15170997856
15970455131
15070694899
18779120059
18720075161
15179121539
18317918320
18702593899
15717917205
18870830645
15180136950
18270877093
13870096137
13907080526
15979020194
18870839337
15180638895
13979930948
17879517905
18270824486
15870616005
13907947962
18879253795
13879134320
15879245854
13517088158
13698095040
18779139926
18270837780
15070900081
18807082311
13979135003
13517081519
18870232039
13697087397
15717020025
13617915648
18370516512
13479190038
15797689506
18779187075
15070953709
15079059256
15970667674
15870685360
15180104739
18296154538
15270033239
15870610526
15870629495
18317957617
15070904267
13755278505
18370637196
13647056402
15070054420
15770945850
18720905231
13870275592
15879008571
18779720856
15979011795
18720905236
18870659053
18479292960
18702511197
13870998655
15180155398
15270550703
15083539665
15070097563
18720059901
18770052287
18296271891
15279217326
15907007831
18770283078
13767964829
18770007068
13803500029
15879553251
15083913455
13576026957
15932909427
13767135891
13870959082
15270171029
13698008232
15779578601
